"Sol";"Site";"pH";"Eau";"Av.P";"C";"N";"NO3";"NH4";"Exc.Ac";"Exc.Al";"Exc.Ca";"Exc.Mg";"Exc.K";"Exc.Na";"Exc.Cations";"SatBase";"Argile";"Limon";"Sable"
"Grès";"292-23_I";4.72;3.49;4.28;1.26;0.11;0;6.71;4.97;4.07;0.15;0.25;0.24;0.07;5.68;12.5;27;10;63
"Alluvial";"292-11_A";4.58625698324022;2.76;7.02;0.91;0.12;10.13;2.43;3.96;3.6;0.32;0.18;0.21;0.06;4.73;16.36;27;19;54
"Alluvial";"292-11_B";4.67;3.39;4.54;0.96;0.14;1.84;3.39;4.14;3.83;0.91;0.87;0.16;0.06;6.14;32.53;33;24;43
"Alluvial";"292-11_H";4.84;4.12;4.2;0.96;0.12;2.95;3.21;5.48;4.95;1.42;1.79;0.22;0.07;8.98;39.02;37;32;31
"Alluvial";"292-11_M";4.57;3.9;6.82;1.25;0.15;11.58;13.39;5.05;4.63;0.87;1.61;0.19;0.08;7.79;35.2;37;24;39
"Alluvial";"292-11_N";4.67;4.41;3.22;0.94;0.13;9.85;1.3;7.17;6.49;0.69;1.6;0.22;0.06;9.74;26.4;46;25;29
"Alluvial";"292-11_O";4.69;3.95;8.2;1.64;0.18;16.79;1.29;3.64;3.28;1.19;2.21;0.42;0.05;7.51;51.46;37;23;40
"Alluvial";"292-11_R";5.05;5.13;7.66;2.09;0.25;15.63;10.26;1.21;0.98;6.7;5;0.56;0.07;13.54;91.05;47;37;15
"Alluvial";"292-12_M";3.99;5.04;9.06;2.88;0.25;22.51;7.61;4.32;4.16;1.57;2.2;0.27;0.06;8.41;48.67;36;38;26
"Alluvial";"292-12_P";4.43;4.05;14.84;2.15;0.21;21.89;13.01;4.22;3.65;0.58;1.44;0.37;0.08;6.7;37.01;28;33;38
"Alluvial";"292-12_T";4.33;5.21;9.94;2.54;0.26;23.6;2.28;4.04;3.32;3.5;2.03;0.51;0.07;10.14;60.21;49;28;23
"Alluvial";"292-12_U";4.35;3.07;13.84;1.64;0.18;9.05;5.65;2.97;2.37;1.05;0.22;0.14;0.03;4.4;32.55;18;12;70
"Alluvial";"292-12_W";4.33;6.57;8.27;2.55;0.28;15.86;2.35;8.13;7.28;1.41;2.18;0.42;0.07;12.22;33.42;47;33;20
"Alluvial";"292-12_Y";4.25;3.99;11.78;1.59;0.17;13.83;1.38;5.29;4.74;0.27;1.1;0.41;0.06;7.13;25.87;38;26;36
"Alluvial";"292-13_K";4.32;3.68;6.67;1.65;0.19;11.59;4.44;5.04;4.36;0.89;0.3;0.17;0.03;6.44;21.79;35;32;34
"Alluvial";"292-13_P";4.32;5.29;7.6;2.05;0.24;16.22;0.87;8.02;7.23;1.21;0.64;0.22;0.05;10.15;20.96;42;27;31
"Alluvial";"292-13_U";4.43;3.92;9.82;2;0.23;11.73;8.48;3.54;2.91;0.78;1.78;0.41;0.08;6.59;46.32;29;47;24
"Alluvial";"292-14_I";3.93;2.73;11.31;1.56;0.17;16.24;1.92;3.6;2.98;0.35;0.15;0.15;0.03;4.28;15.91;23;18;59
"Alluvial";"292-14_R";4.78;5.27;8.62;2.67;0.25;17.07;7.31;2.8;2.27;6.26;4.47;0.51;0.07;14.11;80.17;46;34;20
"Alluvial";"292-14_S";4.76;6.18;6.08;3.03;0.24;17.17;3.66;1.12;0.96;13.49;2.22;0.37;0.1;17.3;93.53;43;38;20
"Alluvial";"292-14_X";4.58;4.82;6.48;2.35;0.27;12.52;7.44;4.1;3.78;3.45;3.79;0.24;0.07;11.64;64.8;49;31;21
"Grès";"292-21_K";4.47;1.87;7.28;1.09;0.08;1.46;7.37;2.96;2.39;0.05;0.09;0.1;0.03;3.23;8.47;18;10;73
"Grès";"292-21_Q";4.36;3.08;3.86;1.68;0.11;0.18;8.33;4.85;3.82;0.1;0.3;0.12;0.07;5.45;10.97;29;14;57
"Grès";"292-21_T";4.52;1.91;6.86;0.97;0.08;1.46;7.39;2.5;1.89;0.1;0.3;0.13;0.04;3.05;18.15;9;21;70
"Grès";"292-21_V";4.66;2.2;3.71;1.17;0.1;0.36;7.81;3.37;2.61;0.03;0.28;0.17;0.06;3.92;13.9;22;15;63
"Grès";"292-21_Y";4.63;3.73;3.8;1.59;0.11;0.17;9.46;3.22;2.55;0.03;0.28;0.13;0.07;3.73;13.63;20;8;72
"Grès";"292-22_D";4.71;2.37;3.89;1.19;0.08;0.4;5.73;3.51;2.82;0.08;0.33;0.11;0.09;4.13;15;27;13;60
"Grès";"292-22_J";4.94;2.31;5.13;0.97;0.08;0.35;8.37;2.82;2.25;0.03;0.19;0.16;0.08;3.28;14.2;19;7;74
"Grès";"292-22_N";4.31;6.35;5.48;2.15;0.15;0.8;8.98;5.82;4.83;0.1;0.09;0.26;0.1;6.37;8.59;33;10;58
"Grès";"292-23_D";4.82;2.8;3.27;1.38;0.09;0.2;6.43;3.86;3.09;0.05;0.22;0.14;0.09;4.36;11.5;21;17;62
"Grès";"292-23_H";4.74;3.85;3.39;1.15;0.1;1.07;4.47;5.15;4.26;0.05;0.33;0.15;0.08;5.76;10.66;27;17;57
"Grès";"292-23_O";4.77;3.75;4.73;1.15;0.1;0.13;10.3;3.84;2.96;0.28;0.4;0.24;0.09;4.85;20.8;17;17;66
"Grès";"292-23_P";4.75;3.17;3.5;1.2;0.1;0;7.46;3.9;3.15;0.04;0.21;0.14;0.08;4.37;10.81;22;10;68
"Grès";"292-23_S";4.52;4.71;3.35;1.62;0.12;0.52;9.08;6.51;5.46;0.1;0.31;0.17;0.1;7.19;9.45;29;17;54
"Grès";"292-23_T";4.74;2.77;3.49;1.15;0.09;0;7.06;3.39;2.78;0.03;0.16;0.09;0.04;3.72;8.76;20;21;58
"Grès";"292-23_W";3.75;3.32;3.41;1.37;0.12;0;7.08;4.29;3.47;0.06;0.54;0.25;0.06;5.21;17.62;25;11;64
"Grès";"292-24_A";4.54;3.54;3.27;1.34;0.1;0.27;11.22;5.57;4.64;0.07;0.33;0.17;0.06;6.2;10.17;27;26;46
"Grès";"292-24_M";4.24;3.31;3.98;2.26;0.13;0;13.88;5.69;4.5;0.05;0.26;0.13;0.08;6.22;8.49;21;22;57
"Grès";"292-24_N";4.19;4.4;3.98;3.08;0.15;0.36;16.18;5.62;4.71;0.03;0.23;0.15;0.06;6.1;7.82;19;17;64
"Grès";"292-24_O";4.68;2.69;5.48;1.04;0.09;2.09;16.08;3.55;2.93;0.03;0.2;0.17;0.05;4;11.33;18;12;70
"Grès";"292-31_B";4.06;2.94;6.36;1.45;0.1;2.18;14.73;4.74;3.84;0.02;0.23;0.12;0.06;5.17;8.36;22;12;66
"Grès";"292-31_E";3.71;2.49;3.05;0.71;0.06;2.08;8.79;3.49;2.77;0.05;0.17;0.1;0.07;3.88;10.1;24;4;72
"Grès";"292-31_K";4.76;3.44;5.1;1.52;0.12;0.45;15.09;4.12;3.68;0.06;0.29;0.2;0.08;4.75;13.37;24;15;60
"Grès";"292-31_X";4.09;3.71;4.77;1.73;0.13;0.56;13.1;4.31;3.84;0.09;0.29;0.17;0.09;4.95;12.94;21;12;67
"Grès";"292-32_A";4.78;2.42;3.08;0.93;0.07;2.02;14.62;3.54;3.07;0.02;0.15;0.09;0.05;3.85;8.07;25;9;66
"Grès";"292-32_C";4.15;2.86;3.55;1.57;0.09;1.79;9.49;4.63;3.91;0.03;0.28;0.16;0.08;5.19;10.71;18;13;69
"Grès";"292-32_G";4.51;2.32;3.69;1.59;0.11;0.69;14.91;3.22;2.71;0.07;0.33;0.19;0.06;3.87;16.75;18;8;74
"Grès";"292-32_M";4.7;1.86;3.73;1.03;0.07;0.56;12.27;2.6;2.11;0.02;0.21;0.14;0.04;3.02;14.02;15;9;75
"Grès";"292-33_A";5.04;2.56;3.35;1.08;0.08;1.49;8.45;3.13;2.62;0.08;0.21;0.16;0.05;3.62;13.52;16;16;68
"Grès";"292-33_C";4.33;3.23;4.73;1.85;0.14;2.12;21.69;4.86;3.93;0.03;0.26;0.17;0.06;5.38;9.68;21;11;67
"Grès";"292-33_G";4.75;3.31;3.71;1.37;0.09;1.45;8.28;3.62;3;0.04;0.16;0.16;0.06;4.04;10.43;21;17;62
"Grès";"292-33_N";4.64;3.77;5.79;2.09;0.11;0.7;11.25;3.59;3.12;0.03;0.16;0.22;0.03;4.03;10.98;17;13;70
"Grès";"292-33_P";4.61;3.13;6.19;1.34;0.09;3.12;12.42;2.58;2.06;0.07;0.19;0.13;0.04;3.01;14.37;14;7;78
"Grès";"292-33_T";4;4.21;8;1.93;0.11;0.26;22.25;4.28;3.29;0.11;0.68;0.21;0.06;5.34;19.85;17;8;75
"Grès";"292-33_U";4.66;3.59;5.03;2.3;0.1;0.68;29.69;3.94;3.01;0.08;0.24;0.16;0.08;4.51;12.51;17;9;74
"Grès";"292-33_X";4.51;3.66;6.6;1.53;0.09;0.7;23.87;4.62;3.68;0.15;0.25;0.14;0.04;5.2;11.21;22;14;65
"Grès";"292-34_O";4.67;2.28;4.27;1.25;0.08;1.69;9.66;3.07;2.51;0.02;0.08;0.1;0.07;3.34;8.08;22;5;73
"Grès";"292-34_R";4.12;3.3;4.89;1.34;0.07;1.82;11.72;4.29;3.67;0.02;0.14;0.13;0.07;4.65;7.64;19;15;67
"Grès";"292-34_U";4.35;3.47;5.39;1.37;0.09;0.74;13.9;5.13;4.14;0.1;0.26;0.17;0.1;5.77;11.07;22;16;62
"Grès";"508-31_M";4.33;1.46;5.05;1.25;0.09;2.01;10.59;2.79;2.18;0.04;0.2;0.09;0.04;3.16;11.72;19;6;75
"Grès";"508-31_Q";3.44;2.15;6.27;1.84;0.12;0.5;17.11;3.78;2.71;0.05;0.14;0.14;0.17;4.29;11.77;15;12;73
"Grès";"508-31_U";4.17;1.27;4.45;1.01;0.07;0.31;11.93;2.96;2.3;0.07;0.14;0.12;0.03;3.32;10.87;18;8;74
"Grès";"508-31_X";5;1.29;2.9;0.49;0.04;0.64;25.38;1.77;1.42;0.02;0.02;0.03;0.03;1.87;5.38;18;13;69
"Grès";"508-32_B";4.69544943820225;1.43;6.46;1.4;0.09;2.56;15.94;2.13;1.22;0.12;0.39;0.14;0.06;2.85;25.21;13;15;73
"Grès";"508-32_C";4.89;2.34;2.36;1.16;0.07;2.29;17.29;3.33;2.82;0.03;0.03;0.06;0.04;3.49;4.75;18;12;69
"Grès";"508-32_K";4.05;3.48;7.72;1.88;0.1;0.51;23.07;3.26;2.69;0.07;0.32;0.12;0.16;3.93;17.01;12;12;76
"Grès";"508-32_N";4.37;3.18;3.72;1.63;0.09;2.51;14.14;3.72;2.74;0.07;0.26;0.11;0.07;4.23;12.18;17;13;70
"Grès";"508-32_S";3.87;2.07;4.56;1.76;0.06;2.84;14.82;2.71;1.12;0.07;0.15;0.08;0.08;3.08;12.13;13;10;77
"Grès";"508-32_W";4.27;2.94;6.52;2.42;0.12;0.64;14.98;4.51;3.14;0.12;0.31;0.2;0.17;5.32;15.24;19;10;72
"Grès";"508-33_C";4.1;2.63;4.08;1.32;0.07;1.39;10.99;4.72;3.7;0.1;0.22;0.14;0.07;5.26;10.14;21;9;70
"Grès";"508-33_E";4.54;1.54;4.24;1.3;0.08;1.22;11.87;3.28;2.44;0.07;0.11;0.11;0.03;3.59;8.72;17;13;69
"Grès";"508-33_J";4.84;1.6;4.18;1.06;0.08;0.66;9.39;2.24;1.63;0.09;0.16;0.09;0.05;2.63;14.98;23;4;73
"Grès";"508-33_M";4.32;1.61;2.91;1.41;0.08;1.52;7.14;3;2.9;0.07;0.21;0.08;0.03;3.38;11.3;16;10;74
"Grès";"508-33_N";4.66;3.22;5.35;1.62;0.09;0;10.37;2.74;2.48;0.15;0.28;0.17;0.05;3.39;19.12;17;12;71
"Grès";"508-33_Q";4.61;1.76;4.81;1.48;0.09;1.89;9.32;1.73;1.37;0.1;0.14;0.1;0.05;2.11;18.06;16;4;80
"Grès";"508-33_V";4.67;2.01;3.08;1.27;0.1;0;6.9;3.32;2.73;0.09;0.23;0.11;0.05;3.81;12.84;21;13;66
"Grès";"508-34_B";3.94;2.05;7.05;1.22;0.08;0.85;7.76;2.86;2.02;0.14;0.23;0.14;0.08;3.44;16.92;16;10;74
"Grès";"508-34_F";4.59;1.98;6.02;1.33;0.08;1.43;7.32;2.04;1.63;0.08;0.11;0.1;0.09;2.42;15.59;16;13;71
"Grès";"508-34_J";4.22;3.54;4.4;1.69;0.11;0.08;8.89;5.81;5.16;0.15;0.21;0.17;0.08;6.42;9.57;24;22;54
"Alluvial";"508-21_A";4.59;4.59;7.07;1.49;0.21;12.02;3.11;5.29;4.77;2.1;2.14;0.56;0.06;10.16;47.9;38;30;32
"Alluvial";"508-21_J";4.63;3.52;4.03;0.92;0.12;7.68;1.89;4.9;4.46;0.22;1.41;0.25;0.05;6.84;28.36;36;31;34
"Alluvial";"508-21_P";4.19;3.96;7.37;1.34;0.14;15.77;10.46;6.33;5.99;0.52;0.28;0.21;0.09;7.42;14.79;35;20;45
"Alluvial";"508-21_Q";4.44;3.48;5.55;1.21;0.11;9.54;5.78;5.85;5.28;0.42;0.49;0.17;0.06;7;16.33;33;18;49
"Alluvial";"508-21_X";4.35;3.78;3.97;0.93;0.13;9.07;2.1;6.73;6.39;0.14;0.58;0.16;0.08;7.68;12.39;35;18;47
"Alluvial";"508-22_A";4.66;3.79;4.02;0.83;0.09;6.14;2.79;6.05;5.43;0.53;0.75;0.15;0.09;7.57;20.05;40;19;41
"Alluvial";"508-22_H";4.86;5.22;4.43;1.23;0.14;10.27;1.76;5.38;4.88;0.79;2.38;0.23;0.08;8.86;39.24;36;30;34
"Alluvial";"508-22_L";4.76;3.04;7.17;1.18;0.13;6.48;2.62;2.73;2.53;0.78;1.98;0.47;0.06;6.03;54.68;32;13;54
"Alluvial";"508-22_R";5.08;3.05;6.15;1.09;0.12;7.81;4.81;2.27;2.01;0.95;1.38;0.17;0.06;4.83;53.06;32;28;40
"Alluvial";"508-23_A";5.35;3.7;9.78;1.67;0.15;12.45;4.06;0.96;0.88;5.8;2.45;0.26;0.07;9.54;89.93;28;18;53
"Alluvial";"508-23_D";4.41;3;8.83;1.49;0.16;16.27;3.71;3.66;3.25;0.71;0.93;0.27;0.16;5.73;36.1;27;23;50
"Alluvial";"508-23_F";4.3;3.49;13.94;1.58;0.15;15.86;6.59;3.83;3.37;0.73;1.22;0.22;0.08;6.09;37.06;23;24;53
"Alluvial";"508-23_Q";4.45;2.49;12.57;1.08;0.12;15.7;14.09;3.38;2.77;0.25;0.44;0.23;0.09;4.39;22.97;24;18;58
"Alluvial";"508-23_U";4.52;2.01;7.53;0.79;0.07;7.35;5.14;2.65;2.5;0.16;0.99;0.11;0.06;3.97;33.22;18;13;69
"Alluvial";"508-24_C";4.69;3.7;6.7;0.86;0.1;5.92;7.08;2.44;2.18;2.43;1.59;0.41;0.04;6.92;64.71;26;25;49
"Alluvial";"508-24_E";4.55;4.99;12.58;1.65;0.17;14.03;12.4;2.84;2.44;3.54;0.94;0.62;0.09;8.04;64.67;34;20;46
"Alluvial";"508-24_J";4.55;4.72;4.19;0.9;0.12;8.14;5.45;6.51;6.01;0.19;2.43;0.42;0.15;9.7;32.92;43;30;27
"Alluvial";"508-24_L";4.51;3.71;4.02;0.79;0.09;4.55;2.82;6.02;5.45;0.16;0.99;0.15;0.07;7.39;18.54;32;22;45
"Alluvial";"508-24_Q";4.26;3.66;7.19;0.92;0.11;8.47;5.08;5.09;4.77;0.24;1.15;0.45;0.07;7;27.32;34;22;45
"Alluvial";"508-24_T";4.42;4.2;4.75;1.08;0.12;11.31;24.13;7.05;6.58;0.28;1.07;0.25;0.07;8.72;19.21;41;22;37
"Alluvial";"508-11_B";4.64;5.09;5.23;1.4;0.1;3.94;12.46;3.42;2.87;1.28;4.18;0.61;0.08;9.57;64.21;44;25;32
"Alluvial";"508-11_E";4.29;4.31;9.52;2;0.17;4.3;5.13;6.48;5.96;0.28;0.62;0.23;0.08;7.68;15.67;35;35;30
"Alluvial";"508-11_N";5.18;5.12;8.67;2.07;0.22;12.55;3.1;1.32;0.97;4.72;4.54;0.27;0.09;10.94;87.96;42;14;44
"Alluvial";"508-11_Q";4.59;4.45;7.12;1.42;0.17;2.98;2.07;5.23;4.87;0.95;1.53;0.42;0.08;8.21;36.24;34;22;44
"Alluvial";"508-11_S";5.11;4.99;4.18;1.74;0.19;4.41;13.21;0.32;0.16;7.07;4.89;0.5;0.08;12.85;97.54;39;36;25
"Alluvial";"508-11_T";4.92;2.64;10.1;1.33;0.15;5.86;16.4;1.59;1.18;1.41;1.93;0.22;0.07;5.22;69.51;27;12;62
"Alluvial";"508-11_X";4.72;4.51;9.4;1.68;0.2;1.86;5.71;4.24;3.77;0.9;2.36;0.41;0.05;7.96;46.73;32;26;42
"Alluvial";"508-12_S";4.63;7.66;10.09;2.72;0.31;10.27;6.67;5.2;4.39;1.4;4.29;0.44;0.08;11.42;54.46;44;32;24
"Alluvial";"508-12_W";4.56;4.19;5.46;1.09;0.12;7.47;6.86;5.71;5.32;0.45;2.55;0.53;0.07;9.32;38.67;33;25;42
"Alluvial";"508-13_G";4.66;4.66;7.08;1.64;0.19;8.97;3.88;6.77;6.56;0.45;3.84;0.64;0.16;11.85;42.92;42;36;22
"Alluvial";"508-13_K";5.02;4.48;7.31;1.63;0.19;4.4;5.45;2.62;1.96;2.03;4.29;0.38;0.05;9.38;72.08;38;24;38
"Alluvial";"508-13_O";4.26;3.33;9.82;1.17;0.11;10.5;2.78;3.93;3.03;0.47;0.29;0.19;0.05;4.93;20.26;23;22;54
"Alluvial";"508-13_Q";4.48;2.8;8.49;0.95;0.1;6.76;9.05;3.91;3.19;0.14;0.37;0.12;0.02;4.57;14.37;23;17;60
"Alluvial";"508-13_S";4.4;5.34;7.82;1.8;0.19;10.96;5.18;7.45;6.34;0.37;1.3;0.44;0.07;9.63;22.65;37;35;28
"Alluvial";"508-14_K";4.68;4.09;6.62;1.18;0.13;1.44;9.08;5.79;4.77;0.19;1.12;0.4;0.11;7.61;23.92;31;13;56
"Alluvial";"508-14_L";4.65;5;7.65;1.49;0.18;12.77;13.96;5.53;4.63;0.41;2.36;0.46;0.05;8.8;37.17;36;30;34
"Alluvial";"508-14_M";4.41;5.35;8.53;1.91;0.21;9.27;15.65;4.97;3.96;2.01;2.65;0.43;0.06;10.12;50.94;39;28;33
"Alluvial";"508-14_W";4.46;2.48;9.86;0.74;0.07;7.37;19.68;3.03;2.51;0.28;0.43;0.13;0.07;3.92;22.88;25;5;71
"Alluvial";"508-14_X";4.32;4.47;6.95;1.44;0.16;7.72;11.64;7.17;5.97;0.43;0.35;0.21;0.07;8.23;12.84;34;19;47
"Alluvial";"508-14_Y";4.33;3.6;9.69;1.07;0.12;11.31;3.41;3.94;3.01;0.8;0.66;0.2;0.06;5.67;30.48;26;17;57
"Dunaire";"508-41_B";4;1.59;10.99;1.65;0.07;0.62;4.66;1.88;0.28;0.42;0.71;0.25;0.09;3.34;43.72;26;11;63
"Dunaire";"508-41_G";4.06;1.83;7.56;1.54;0.07;2.41;9.15;1.48;0.43;0.27;0.9;0.46;0.22;3.33;55.62;10;9;81
"Dunaire";"508-42_C";3.51;3.25;7.68;2.95;0.17;1.19;10.46;6.51;4.03;0.2;1.23;0.51;0.19;8.64;24.68;11;5;84
"Dunaire";"508-42_H";3.81;4.02;7.44;2.26;0.12;1.07;11.06;4.82;3.23;0.12;0.88;0.24;0.07;6.13;21.35;18;15;67
"Dunaire";"508-42_I";4.24;2.36;5.51;1.72;0.09;1.06;5.31;4.12;2.92;0.28;1.54;0.79;0.09;6.83;39.65;20;12;67
"Dunaire";"508-42_N";4.18;2.66;6.6;2.03;0.12;2.44;7.32;3.96;2.88;0.16;0.83;0.21;0.05;5.21;24.06;20;9;71
"Dunaire";"508-42_O";3.4;8.11;17.43;5.59;0.29;0.07;9.44;7.1;3.75;0.37;4.39;0.87;0.09;12.82;44.6;22;12;67
"Dunaire";"508-42_P";3.88;4.17;6.65;2.15;0.12;0.15;7.55;4.02;2.24;0.21;1.14;0.23;0.1;5.7;29.52;15;16;69
"Dunaire";"508-42_Q";3.96;4.09;8.5;2;0.1;0.06;8.96;5.06;3.18;0.2;0.81;0.26;0.09;6.41;21.11;21;14;64
"Dunaire";"508-42_U";4.19;1.44;6.42;1.33;0.07;0;4.76;2.05;0.96;0.13;0.25;0.12;0.04;2.59;20.59;13;11;76
"Dunaire";"508-42_X";4.14;3.11;5.86;2.27;0.14;2.46;7.15;4.67;3.3;0.14;0.37;0.18;0.08;5.44;14.09;20;13;67
"Dunaire";"508-42_Y";4.01;4.65;6.82;2.64;0.14;2.71;6.83;4.75;3.15;0.2;0.91;0.26;0.11;6.22;23.67;18;14;68
"Dunaire";"508-43_E";4;2.59;6.87;1.39;0.08;0;4.32;2.77;1.64;0.54;1.14;0.25;0.03;4.72;41.34;18;3;79
"Dunaire";"508-43_G";4.6177094972067;1.98;4.58;1.24;0.06;0.64;3.88;1.99;1.48;0.15;0.37;0.1;0.07;2.67;25.59;14;14;72
"Dunaire";"508-43_I";3.87;4.13;6.23;2.74;0.11;0;3.98;4.12;2.76;0.19;0.68;0.18;0.07;5.24;21.42;14;14;72
"Dunaire";"508-43_L";3.79;3.94;8.39;2.48;0.13;0.43;4.25;2.34;1.09;0.26;0.78;0.17;0.08;3.63;35.55;13;8;79
"Dunaire";"508-43_M";3.95;1.72;9.19;1.32;0.07;0;5.06;2.19;0.81;0.39;1.11;0.15;0.04;3.88;43.64;11;11;77
"Dunaire";"508-43_Y";4.34;1.85;5;1.43;0.07;0;3.74;1.94;1.22;0.15;0.23;0.12;0.03;2.46;21.28;17;9;74
"Dunaire";"508-44_B";4.4;1.34;8.37;1.88;0.08;0;2.35;1.37;0.41;0.13;0.33;0.11;0.03;1.98;30.75;10;12;78
"Dunaire";"508-44_X";4.12;2.57;6.5;2.1;0.11;0;5.19;3.34;2.57;0.16;0.47;0.14;0.05;4.15;19.68;20;19;61
"Dunaire";"508-51_A";4.26;2.88;4.98206703910615;2.32;0.12;2.32;0.47;2.16;0.46;0.36;1.28;1.3;0.27;5.37;59.72;13;4;83
"Dunaire";"508-51_D";4.4;1.47;5.67;0.92;0.04;2.13;0.76;1.32;0.41;0.15;0.44;0.1;0.04;2.05;35.6;11;12;77
"Dunaire";"508-51_M";3.69;2.97;12.57;3.26;0.17;1.28;0.56;3.61;0.67;0.37;1.82;0.6;0.18;6.57;45.09;11;8;81
"Dunaire";"508-51_P";3.94;2.3;19.76;1.93;0.08;1.12;0.9;2.66;0.46;0.49;1.3;0.44;0.11;5;46.73;12;8;80
"Dunaire";"508-51_T";4.18;1.83;10.98;1.91;0.1;1.84;1.73;2.19;0.92;0.22;0.55;0.17;0.07;3.2;31.58;11;7;82
"Dunaire";"508-51_V";3.92;4.41;19.92;2.32;0.1;0.74;1.53;3.24;1.1;0.51;1.81;0.53;0.12;6.2;47.7;14;10;76
"Dunaire";"508-52_D";5.04;1.47;6.05;0.6;0.03;2.85;1.95;1.12;1.04;0.09;0.04;0.01;0.01;1.27;11.86;11;9;80
"Dunaire";"508-52_H";4.3;1.42;8.35;2.13;0.11;1.8;1.33;1.67;0.41;0.14;0.43;0.08;0.05;2.36;29.2;14;0;86
"Dunaire";"508-52_K";3.76;2.51;10.2;1.72;0.09;1.24;2.87;2.1;0.62;0.28;1.18;0.14;0.07;3.77;44.21;13;11;76
"Dunaire";"508-52_O";3.74;3.82;14.4;2.59;0.11;3.56;0.9;3.59;1.01;0.5;1.38;0.25;0.18;5.89;39.15;12;8;80
"Dunaire";"508-53_R";4;2.03;7.08;2.32;0.09;1.83;3.2;2.09;0.61;0.26;0.64;0.18;0.09;3.26;35.75;14;9;78
"Dunaire";"508-53_V";3.77;3.67;10.04;2.6;0.14;0;9.79;4.46;2.7;0.4;1.25;0.28;0.07;6.47;30.99;16;13;70
"Dunaire";"508-53_W";4.07;2.93;6.42;2.12;0.11;0.06;4.81;4.22;3.06;0.16;0.55;0.17;0.04;5.14;17.82;22;11;67
"Dunaire";"508-54_C";4.39;1.25;9.39;1.57;0.08;2.68;2.7;1.52;0.56;0.23;0.47;0.11;0.02;2.34;35.12;10;13;78
"Dunaire";"508-54_E";4.02;2.35;7.17;1.73;0.11;0.19;0.67;1.89;0.72;0.28;0.48;0.16;0.06;2.88;34.14;11;18;71
"Dunaire";"508-54_G";4.08;2.13;9.91;1.98;0.1;0.22;3.04;1.89;0.64;0.33;0.65;0.15;0.06;3.07;38.5;10;13;78
"Dunaire";"508-54_H";3.54;4.41;13.18;4;0.18;3.78;0.85;4.08;0.94;0.33;1.26;0.25;0.17;6.08;32.93;11;9;80
"Dunaire";"508-54_M";3.99;2.27;7.34;2.22;0.1;2.12;1.58;2.71;1.74;0.14;0.95;0.12;0.09;4.01;32.41;17;9;74
"Dunaire";"508-54_T";4.1;2.71;5.09;1.99;0.12;2.29;1.96;3.55;2.62;0.12;0.39;0.11;0.04;4.21;15.75;17;12;72
"Dunaire";"508-54_Y";3.92;2.35;8.04;1.69;0.09;3.31;2.38;3.64;2.2;0.14;0.47;0.2;0.08;4.52;19.65;20;5;75
"Dunaire";"508-61_C";4.26;0.84;9.76;0.89;0.07;0.46;2.1;1.61;1.01;0.37;0.28;0.08;0.01;2.35;31.36;10;9;81
"Dunaire";"508-61_L";4.34;2.14;8.92;1.34;0.08;0.32;1.39;1.15;0.97;0.2;0.18;0.09;0.05;1.66;30.92;12;10;78
"Dunaire";"508-61_T";4.08;2.62;5.77;1.84;0.11;0.13;9.72;5.08;3.75;0.13;0.48;0.1;0.04;5.84;13.01;23;8;69
"Dunaire";"508-62_M";4.16;2.09;10.65;1.6;0.08;0.31;2.2;2.04;0.87;0.21;0.76;0.17;0.04;3.23;36.67;9;7;83
"Dunaire";"508-62_N";4.61;1.53;7.1;1.19;0.07;0;2.13;2.49;1.73;0.17;0.19;0.08;0.02;2.95;15.8;13;9;78
"Dunaire";"508-62_R";4.18;1.78;9.48;1.25;0.02;0.29;2.94;1.99;1.02;0.16;0.31;0.11;0.03;2.6;23.67;12;8;79
"Dunaire";"508-62_T";4.39;0.94;8.01;1.23;0.06;0.4;1.46;1.26;0.35;0.17;0.29;0.09;0.02;1.83;31.12;11;6;83
"Dunaire";"508-63_E";3.82;3.03;11.19;2.31;0.11;0.03;2.43;4.38;2.47;0.19;0.85;0.14;0.12;5.69;22.95;13;11;76
"Dunaire";"508-63_L";4.08;1.64;7.94;1.68;0.09;0.06;2.78;2.06;0.81;0.17;0.52;0.11;0.05;2.91;29.28;9;10;81
"Dunaire";"508-63_Q";4.16;1.73;7.72;1.42;0.08;0;3.68;2.04;0.92;0.18;0.41;0.1;0.03;2.76;26.17;12;11;77
"Dunaire";"508-63_R";4.21;1.29;10.22;1.42;0.07;0.39;3.17;1.87;0.81;0.19;0.43;0.1;0.04;2.65;29.23;10;11;79
"Dunaire";"508-63_U";3.82;2.37;7.43;1.75;0.09;0.07;2.66;1.9;0.92;0.18;1;0.24;0.16;3.48;45.58;12;8;79
"Dunaire";"508-64_A";4;3.34;6.84;2;0.11;0.37;2.91;4.5;3.21;0.18;0.8;0.14;0.09;5.71;21.19;18;9;73
"Dunaire";"508-64_D";4.68;1.46;4.39;1.13;0.08;0.37;1.86;2.06;1.42;0.14;0.46;0.14;0.12;2.92;29.52;11;11;78
"Dunaire";"508-64_N";4.15;2.2;6.34;1.55;0.1;0;2.58;2.63;1.58;0.19;0.55;0.11;0.05;3.53;25.38;17;4;78
"Dunaire";"508-64_O";4.32;1;5.1;1.02;0.06;0.32;1.88;1.64;0.81;0.15;0.21;0.07;0.03;2.09;21.54;10;11;79
"Dunaire";"508-64_R";4.17;1.84;9.3;1.32;0.07;0.43;1.71;2.75;1.88;0.12;0.21;0.08;0.03;3.19;13.79;12;13;75
"Dunaire";"508-64_S";4.13;2.67;7.1;1.83;0.11;0.1;2.92;3.96;2.67;0.14;0.26;0.11;0.03;4.49;11.8;19;7;75
"Dunaire";"508-64_U";4.25;3.08;6.01;1.41;0.08;0.81;1.75;4.08;3.1;0.12;0.26;0.11;0.03;4.59;11.3;15;15;70
"Dunaire";"508-64_X";4.07;2.56;8.91;1.71;0.09;0;2.97;4.23;2.77;0.16;0.43;0.13;0.09;5.04;15.96;17;10;72
